-5.000000000000000000e-01 3.910916260420937984e-02 -2.242653647012171625e-02 5.000000000000000000e-01 5.000000000000000000e-01 4.427995061693330570e-01
5.000000000000000000e-01 1.351272505635056631e-01 -3.456910869001920128e-01 -9.199962527200644669e-02 3.164323655089452680e-01 -2.287450233534019106e-02
-5.000000000000000000e-01 5.000000000000000000e-01 5.000000000000000000e-01 -5.000000000000000000e-01 3.747932063171829919e-01 1.224238322601645113e-02
-5.000000000000000000e-01 -5.000000000000000000e-01 -5.000000000000000000e-01 -2.549850040935510709e-01 5.000000000000000000e-01 -8.333194387140818726e-02
3.605734667946078886e-01 3.536052228470979442e-01 4.873857650149543419e-01 2.283816467630214730e-01 5.000000000000000000e-01 5.007406885206339142e-02
1.247441959344122858e-01 3.466735848922660734e-01 -8.812531218829806889e-02 -2.852532554420806332e-01 3.123696412245942078e-01 5.000000000000000000e-01
-2.138278913539909953e-01 4.597616069448537957e-01 -9.612354279920841404e-02 5.000000000000000000e-01 7.388797432311047797e-02 4.613446399132283826e-01
2.292806965229210459e-02 5.000000000000000000e-01 -5.000000000000000000e-01 -1.833776334018323295e-01 2.781468563873445432e-01 3.308654172580112185e-01
-2.653375688402231924e-02 5.000000000000000000e-01 3.415601321774113797e-01 5.000000000000000000e-01 1.511821672289031526e-01 3.868000523360439757e-01
-3.340173648281928864e-01 -3.645720772428236445e-01 5.000000000000000000e-01 -2.016228997867601791e-01 -4.689893929127116334e-01 4.826464265088531991e-01
-5.000000000000000000e-01 3.913879242501215883e-01 5.000000000000000000e-01 -5.000000000000000000e-01 -6.003792438317412383e-02 -1.949709050466200133e-01
-7.572456039864328137e-02 3.483947933338276542e-02 -2.189274582141998715e-01 -5.000000000000000000e-01 5.000000000000000000e-01 -2.977519608602235968e-02
