6.844166336352430768e-02 2.087941551093138587e-02
3.439718882411031686e-02 8.998441889030923957e-02
9.803753250959661159e-02 7.587134576664433805e-03
1.440068206063299661e-02 2.674539951688504821e-02
8.466604208486217410e-04 6.081477877759472461e-02
8.684551448063751455e-02 2.075216201612495315e-02
5.332144895335934331e-02 6.730991513975223550e-02
3.750966591796017768e-02 8.911066386774335255e-03
2.361143290116311105e-02 1.868736407722095677e-02
3.451081725168725356e-02 3.500043362535296826e-02
