1.137640268694885270e-02 5.748053449211155269e-02 2.436869171058393679e-01 -7.384964133256577412e-02 -9.303329148462621823e-02 4.132392295127060855e-01 1.777757454592446273e-02 2.634842229499733124e-01 -1.277448003424842826e-01 1.181935203861417538e-01
2.987256266338228494e-01 2.338607263907692135e-01 -5.000000000000000000e-01 3.417524243248551419e-01 6.097345103840788594e-02 1.599024146170923144e-01 -1.681517633583900495e-01 -2.594159485581486457e-01 5.000000000000000000e-01 -1.293523299487403244e-01
-7.174932230295269497e-02 -9.841609038720652847e-02 2.771823366658424659e-01 1.881693181446977281e-01 3.699925891333628591e-01 1.541825978694085220e-01 1.512825440667530941e-01 1.782020856585980195e-01 3.841215906220286080e-01 1.352967275709915929e-01
5.198613117266329131e-02 -6.815940465996003783e-02 8.350187347346846312e-02 9.035344399907352386e-02 -8.712487920329464730e-02 2.603800658507439136e-01 2.126863133985619769e-01 1.569970974534845576e-01 -8.056663178900005939e-02 -1.194487748828309825e-01
1.231483293255039024e-01 1.173258797165015882e-02 1.518139635398757514e-01 7.489743126604139767e-02 1.204276227786122005e-01 -2.950223018386247675e-01 2.257703195298699783e-01 3.505817740640788938e-02 6.281332486016912020e-02 -2.145918853456246778e-01
-1.577176260404138802e-02 1.381356436581354652e-01 3.337765890435907545e-01 -1.441756217939964280e-02 4.093274395328257986e-01 1.518498382900159149e-01 -3.520430247723947970e-01 -7.344297852719532116e-02 3.666167567758719242e-02 -1.741838494114800184e-04
1.556131621020711286e-01 4.648713754946658949e-01 -1.655257109738762500e-01 -3.296227867923713917e-01 -1.176276955020508358e-01 2.708335261830033813e-01 4.142406650359757858e-01 1.981385760229163739e-01 5.393553460756865536e-02 -1.458596645286013849e-01
-1.699848697693597810e-01 5.000000000000000000e-01 -1.006949476644781322e-01 1.744272942869097842e-01 1.395135199336098308e-01 1.177077003748915607e-01 3.566074741522967106e-01 -2.606674666471070489e-02 1.604860816501272602e-01 -1.030502304386130413e-01
4.096154453329443057e-01 9.304292503552562266e-02 2.748912073462464467e-01 1.772515585628355872e-01 -6.778072434210503927e-02 -3.206401308180261145e-01 4.271719863184152977e-01 3.870751572486859360e-02 4.974508626634054076e-02 -2.801970728287661583e-01
3.535499543682070478e-02 2.203728784494670134e-01 2.890145220992379471e-01 2.535707651873282675e-03 8.817848234464903401e-02 8.143206638513622586e-02 4.362617737978737725e-02 -9.123562121379248657e-02 -1.501325739745526522e-01 1.606714068913855237e-02
-1.849315527466830200e-01 2.697259798807870590e-01 -3.702501639368762643e-01 1.930588906032087992e-02 2.905045141774382778e-01 -2.174062657992100467e-01 -2.353815660221646733e-01 2.776531184434276045e-01 3.047980277567869933e-01 -1.098203521180444592e-01
-1.901223291970083329e-01 -1.064187690860115137e-01 -2.536858042585373174e-01 1.792922440711185172e-01 -1.776907895952303112e-02 -4.803694359742973763e-01 -4.826058868867400681e-02 -1.379459959642652667e-01 1.211271407009464618e-01 3.773315615893529928e-03
6.987376011196270477e-03 9.072554110968572560e-02 3.641764490951447386e-01 -2.850462730345870166e-01 3.515467179579130630e-04 -1.238714205472697949e-01 5.000000000000000000e-01 1.315993593891317259e-01 7.982388058159470279e-02 6.776375090235764453e-02
2.476681930750465610e-01 2.196634056988377437e-01 3.503775414319762471e-01 7.249980315770537809e-02 -2.213173980007095143e-03 1.731209005993441519e-01 -3.490026336591643963e-01 6.287863704590221370e-02 1.134839747724307631e-02 -1.270987469197668029e-01
2.323336176061663316e-01 -2.566336804323955945e-01 8.414537255867841903e-02 3.523054052522739399e-02 3.004767386538329532e-01 2.874947517337610170e-02 -9.386081578357619026e-02 -6.042714542399681144e-02 2.340561679887643853e-01 1.985948230903970546e-01
