2.914300718379917582e-02 -2.048033085525872640e-02
1.565109122637569072e-01 3.860413327619626606e-02
2.610509564605276167e-01 1.102900990786165325e-02
1.284371285751434721e-01 -1.642111622632148604e-01
-1.795564302216176022e-01 -1.857208840700478314e-01
5.000000000000000000e-01 3.360295433370770746e-01
-3.560669267086018913e-02 2.893453631582079688e-01
-3.103035255149784732e-01 2.512143489490597514e-01
2.854471946954423855e-01 -1.676038193286173983e-01
4.826218821169296624e-02 8.637767859620935906e-02
